1	1	2 7.016667e+00
96	315	411 2.195650e+03
57	600	657 4.173800e+03
52	600	652 4.173467e+03
53	600	653 4.173533e+03
53	600	653 4.173533e+03
52	600	652 4.173467e+03
1	1	2 7.016667e+00
0	4	4 2.780000e+01
1	1	2 7.016667e+00
1	1	2 7.016667e+00
14	153	167 1.064283e+03
46	599	645 4.166117e+03
46	601	647 4.180017e+03
49	599	648 4.166317e+03
48	600	648 4.173200e+03
114	546	660 3.802300e+03
48	600	648 4.173200e+03
48	600	648 4.173200e+03
52	600	652 4.173467e+03
46	600	646 4.173067e+03
54	600	654 4.173600e+03
126	546	672 3.803100e+03
55	596	651 4.145867e+03
51	599	650 4.166450e+03
54	601	655 4.180550e+03
52	597	649 4.152617e+03
54	599	653 4.166650e+03
130	545	675 3.796417e+03
55	600	655 4.173667e+03
53	600	653 4.173533e+03
55	600	655 4.173667e+03
48	599	647 4.166250e+03
59	601	660 4.180883e+03
128	541	669 3.768483e+03
49	600	649 4.173267e+03
50	600	650 4.173333e+03
46	600	646 4.173067e+03
50	597	647 4.152483e+03
49	600	649 4.173267e+03
127	550	677 3.830967e+03
46	600	646 4.173067e+03
50	600	650 4.173333e+03
49	600	649 4.173267e+03
50	600	650 4.173333e+03
48	600	648 4.173200e+03
120	551	671 3.837450e+03
52	600	652 4.173467e+03
49	600	649 4.173267e+03
54	600	654 4.173600e+03
53	594	647 4.131833e+03
49	600	649 4.173267e+03
123	550	673 3.830700e+03
54	594	648 4.131900e+03
52	600	652 4.173467e+03
50	600	650 4.173333e+03
47	600	647 4.173133e+03
50	600	650 4.173333e+03
123	549	672 3.823750e+03
53	600	653 4.173533e+03
54	600	654 4.173600e+03
53	600	653 4.173533e+03
50	600	650 4.173333e+03
56	600	656 4.173733e+03
124	542	666 3.775167e+03
46	600	646 4.173067e+03
51	598	649 4.159500e+03
95	588	683 4.092933e+03
116	590	706 4.108233e+03
286	572	858 3.994467e+03
911	214	1125 1.548033e+03
6	1	7 7.350000e+00
0	1	1 6.950000e+00
66	151	217 1.053850e+03
45	600	645 4.173000e+03
45	600	645 4.173000e+03
0	1	1 6.950000e+00
14	198	212 1.377033e+03
0	1	1 6.950000e+00
0	1	1 6.950000e+00
133	488	621 3.400467e+03
53	596	649 4.145733e+03
48	600	648 4.173200e+03
53	601	654 4.180483e+03
41	600	641 4.172733e+03
58	599	657 4.166917e+03
